rows:    10
columns: 15
heights: 5
1 1 1 1 1 1 1 1 1 1 1 1 1 1 1 
1 1 1 1 1 1 1 1 1 1 1 1 1 1 1 
1 1 1 1 1 1 1 1 1 1 1 1 1 1 1 
1 1 1 1 1 1 1 1 1 1 1 1 1 1 1 
1 1 1 1 1 1 1 1 1 1 1 1 1 1 1 
1 1 1 1 1 1 1 1 1 1 1 1 1 1 1 
1 1 1 1 1 1 1 1 1 1 1 1 1 1 1 
1 1 1 1 1 1 1 1 1 1 1 1 1 1 1 
1 1 1 1 1 1 1 1 1 1 1 1 1 1 1 
1 1 1 1 1 1 1 1 1 1 1 1 1 1 1 

1 1 1 1 1 1 1 1 1 0 0 0 0 0 0 
1 1 1 1 1 1 1 1 1 1 0 0 0 0 0 
1 1 1 1 1 1 1 1 1 1 0 0 0 0 0 
1 1 1 1 1 1 1 1 1 1 1 0 0 0 0 
1 1 1 1 1 1 1 1 1 1 0 0 0 0 0 
1 1 1 1 1 1 1 1 1 0 0 0 0 0 0 
1 1 1 1 1 1 1 1 1 0 0 0 0 0 0 
1 1 1 1 1 1 1 1 1 1 1 0 0 0 0 
1 1 1 1 1 1 1 1 1 1 1 1 0 0 0 
1 1 1 1 1 1 1 1 1 1 1 1 0 0 0 

1 1 1 1 1 1 0 0 0 0 0 0 0 0 0 
1 1 1 1 1 1 1 0 0 0 0 0 0 0 0 
1 1 1 1 1 1 1 1 0 0 0 0 0 0 0 
1 1 1 1 1 1 1 1 0 0 0 0 0 0 0 
1 1 1 1 1 1 1 0 0 0 0 0 0 0 0 
1 1 1 1 1 1 1 1 0 0 0 0 0 0 0 
1 1 1 1 1 1 1 1 0 0 0 0 0 0 0 
1 1 1 1 1 1 1 1 0 0 0 0 0 0 0 
1 1 1 1 1 1 1 1 1 0 0 0 0 0 0 
1 1 1 1 1 1 1 1 1 1 0 0 0 0 0 

1 1 0 0 0 0 0 0 0 0 0 0 0 0 0 
1 1 1 0 0 0 0 0 0 0 0 0 0 0 0 
1 1 1 0 0 0 0 0 0 0 0 0 0 0 0 
1 1 1 0 0 0 0 0 0 0 0 0 0 0 0 
1 1 1 0 0 0 0 0 0 0 0 0 0 0 0 
1 1 1 0 0 0 0 0 0 0 0 0 0 0 0 
1 1 1 1 0 0 0 0 0 0 0 0 0 0 0 
1 1 1 1 1 0 0 0 0 0 0 0 0 0 0 
1 1 1 1 1 0 0 0 0 0 0 0 0 0 0 
1 1 1 1 1 0 0 0 0 0 0 0 0 0 0 

1 0 0 0 0 0 0 0 0 0 0 0 0 0 0 
1 0 0 0 0 0 0 0 0 0 0 0 0 0 0 
1 0 0 0 0 0 0 0 0 0 0 0 0 0 0 
0 0 0 0 0 0 0 0 0 0 0 0 0 0 0 
0 0 0 0 0 0 0 0 0 0 0 0 0 0 0 
1 0 0 0 0 0 0 0 0 0 0 0 0 0 0 
1 0 0 0 0 0 0 0 0 0 0 0 0 0 0 
1 0 0 0 0 0 0 0 0 0 0 0 0 0 0 
1 0 0 0 0 0 0 0 0 0 0 0 0 0 0 
0 0 0 0 0 0 0 0 0 0 0 0 0 0 0 

